0.03442464907104003
0.10045228777720663
-0.09494542630555208
0.07720304401462058
0.30844212518906666
0.25546958491755795
0.07212148074618835
0.3804832121815006
0.6311883094419903
0.3755533022577885
0.8875661426762214
0.7884168827570758
0.7154043428922952
0.45069653289107575
0.702529818461506
0.9376258921579048
0.88549147467057
0.886538760354372
0.7894822450355014
0.8900928121982574
0.67808787401024
0.8640854756731369
0.6725559293519255
1.1465526604665164
0.9722894424806483
0.8219480283567132
1.4691157441887825
0.709389847585832
0.8622709817803076
0.8808121317883408
0.9608637754039931
0.8893970116459059
1.0358927527442834
0.969964789584515
0.9548490640176693
0.7287717700154003
0.8142115818454901
0.5246264430762
0.6436119772753728
0.5886795118357222
0.31602803752752934
0.6892097596034786
0.25618982966099796
0.5283972573780998
0.6090557230058539
0.4628971847156651
0.1732537620626341
0.06923124401513579
0.15479610478864514
-0.3470177569872529
-0.24962501086454808
0.22248945813961687
0.03051987022169461
0.23662317876205652
-0.3579030028490938
-0.359973823359867
-0.745277054855138
-0.33305152514319863
-0.5326641714997948
-0.21674198539092326
-0.4054223836453326
-0.8775531442996712
-1.0707656964615033
-0.9303069725190507
-0.40291507251447156
-0.8166384593017743
-0.8330900473667389
-0.9525281599995932
-0.7632987569415614
-0.6831019906028122
-1.0399945711193066
-1.3573137220095945
-0.8221136779822686
-1.373055300714816
-1.020804984155883
-1.0327696673209745
-1.213943277960525
-0.9882667351421127
-0.7317220712264492
-1.069917200947771
-1.0336073786408888
-0.921828828037982
-1.1666819155616803
-0.9036980678846082
-0.9477253584410578
-1.0687279303709258
-0.8916930799853704
-0.6374682808686376
-0.810648009823983
-0.2944209162127654
-0.5249047386806872
-0.3585698264000852
-0.5716452457694883
-0.6924298670007059
0.05362780622657487
-0.2439707532900393
-0.22685730547814226
-0.0240178214293629
0.052341188790875265
-0.06470767891061345
